=== c1: r3_stay self_vision, r=[1.0, -1.0, 0.0, 0.0], preferred landmark Red ===
critic                           D         S         R      rho        rho 95% CI  rho_tanh  dirCorr   in45
v3_A1_s0_REF               0.00951   0.99701   0.00954    1.000 [ 1.000, 1.000]     1.000   +0.858  0.903
v3_A1_s1                   0.02985   1.42129   0.02100    2.201 [ 2.043, 2.380]     2.564   +0.479  0.314
v3_A1_s2(collapsed)        0.01123   0.76674   0.01464    1.534 [ 1.442, 1.635]     2.055   +0.845  0.756
ctrl_s0                    0.00667   0.81880   0.00815    0.854 [ 0.809, 0.903]     0.914   +0.623  0.629
ctrl_s1                    0.00685   1.26409   0.00542    0.568 [ 0.517, 0.626]     0.646   +0.559  0.498
ctrl_s2                    0.01058   0.88569   0.01195    1.252 [ 1.195, 1.309]     1.333   +0.727  0.546
film_s0                    0.01745   0.01093   1.59551  167.186 [148.317,188.688]   271.436   +0.745  0.501
film_s1                    0.00014   0.37244   0.00037    0.038 [ 0.036, 0.041]     0.051   +0.097  0.203
film_s2                    0.00088   0.33144   0.00266    0.279 [ 0.251, 0.311]     0.528   +0.214  0.315
trial1_s0(r,noRelabel)     0.00233   0.18279   0.01276    1.337 [ 1.258, 1.421]     1.357   +0.640  0.503
relabel_s0(trial2)         0.00023   0.07661   0.00297    0.311 [ 0.285, 0.340]     0.397   -0.012  0.174
relabel_s2                 0.00014   0.01885   0.00757    0.793 [ 0.732, 0.866]     0.867   +0.046  0.142
norelabel_s1               0.00319   0.11832   0.02693    2.822 [ 2.661, 2.985]     3.431   +0.929  0.956
relabel_s1(state-collapsed)   0.00007   0.00000 1015161740014.90125 106374240961793.078 [-64196464202544.852,   nan] 134861884614615.250   -0.232  0.000
norelabel_s2(state-collapsed)   0.00108   0.00000 44563251944622.82812 4669583095526059.000 [-1070428922652034.375,-339136314656780.750] 47741182091214768.000   +0.938  0.990
film_norelabel_s0          0.00276   0.68105   0.00405    0.424 [ 0.400, 0.450]     0.549   +0.658  0.731
film_norelabel_s1(state-collapsed)   0.00008   0.00000 571157910311.39551 59849073092339.711 [-73045223465223.328,   nan] 131515282393380.422   -0.935  0.000
film_norelabel_s2          0.00504   0.71974   0.00700    0.734 [ 0.702, 0.767]     0.773   +0.902  0.947
curriculum_s0              0.00371   0.60358   0.00614    0.644 [ 0.601, 0.689]     0.702   +0.451  0.205
curriculum_s1              0.00839   0.77186   0.01087    1.139 [ 1.083, 1.194]     1.112   +0.682  0.539
curriculum_s2              0.00206   0.30286   0.00681    0.714 [ 0.680, 0.749]     0.864   +0.942  0.990

=== c2: r2_a1random_a2rl other_vision, r=[-1.0, 1.0, 0.0, 0.0], preferred landmark Green ===
critic                           D         S         R      rho        rho 95% CI  rho_tanh  dirCorr   in45
v3_A1_s0_REF               0.00980   0.64927   0.01509    1.000 [ 1.000, 1.000]     1.000   +0.301  0.042
v3_A1_s1                   0.03430   0.21780   0.15750   10.437 [ 9.899,11.061]    20.772   -0.297  0.003
v3_A1_s2(collapsed)        0.00478   0.14031   0.03410    2.260 [ 2.102, 2.448]     6.463   -0.022  0.012
v3_A2_s0                   0.00144   0.02773   0.05184    3.436 [ 3.237, 3.645]     5.735   +0.166  0.060
film_s0                    0.01488   0.01449   1.02711   68.066 [63.724,73.313]   128.379   -0.291  0.044
film_s1                    0.00008   0.35238   0.00022    0.015 [ 0.014, 0.016]     0.039   +0.235  0.027
film_s2                    0.00042   0.56514   0.00073    0.049 [ 0.045, 0.052]     0.155   +0.325  0.050
trial1_s0(r,noRelabel)     0.00026   0.03902   0.00656    0.435 [ 0.412, 0.461]     0.562   +0.080  0.091
relabel_s0(trial2)         0.00087   0.09141   0.00956    0.633 [ 0.580, 0.692]     2.221   +0.377  0.094
relabel_s2                 0.00015   0.00546   0.02811    1.863 [ 1.749, 1.978]     3.379   +0.358  0.061
norelabel_s1               0.00014   0.03307   0.00416    0.276 [ 0.259, 0.292]     0.235   +0.128  0.315
relabel_s1(state-collapsed)   0.00010   0.00000 4827439776844.20605 319912653398068.062 [-239492356327533.844,   nan] 544288520451093.500   +0.482  0.095
norelabel_s2(state-collapsed)   0.00009   0.00000 137131987384089.62500 9087686222462494.000 [-6766714634336.018,-3076458553057.000] 42156468897230208.000   -0.661  0.000
film_norelabel_s0          0.00155   0.10994   0.01413    0.936 [ 0.886, 0.990]     1.256   -0.527  0.004
film_norelabel_s1(state-collapsed)   0.00006   0.00000 966131692453.00134 64025190898736.852 [-19482013336166.434,   nan] 74829050569091.203   +0.570  0.095
film_norelabel_s2          0.00033   0.26762   0.00124    0.082 [ 0.077, 0.089]     0.259   -0.763  0.024
curriculum_s0              0.00053   0.24111   0.00219    0.145 [ 0.135, 0.157]     0.462   +0.645  0.424
curriculum_s1              0.00595   0.44622   0.01334    0.884 [ 0.831, 0.940]     1.522   +0.057  0.084
curriculum_s2              0.00460   0.28429   0.01618    1.072 [ 0.985, 1.165]     5.828   +0.118  0.088

=== c3: r3_stay self_vision, r=[-1.0, 1.0, 0.0, 0.0], preferred landmark Green ===
critic                           D         S         R      rho        rho 95% CI  rho_tanh  dirCorr   in45
v3_A1_s0_REF               0.00951   0.99701   0.00954    1.000 [ 1.000, 1.000]     1.000   -0.278  0.001
film_norelabel_s0          0.00132   0.39705   0.00332    0.348 [ 0.328, 0.368]     0.381   +0.002  0.042
film_norelabel_s1(state-collapsed)   0.00006   0.00000 813719328974.34741 85265995125382.922 [-31489862470437.801,   nan] 102466743351891.922   +0.922  0.991
film_norelabel_s2          0.00037   0.35846   0.00102    0.107 [ 0.101, 0.113]     0.078   +0.164  0.480
curriculum_s0              0.00041   0.34639   0.00119    0.125 [ 0.116, 0.134]     0.126   +0.828  0.765
curriculum_s1              0.00250   0.60561   0.00412    0.432 [ 0.401, 0.465]     0.363   +0.881  0.828
curriculum_s2              0.00350   0.70350   0.00497    0.521 [ 0.495, 0.549]     0.448   +0.856  0.787

=== c4: r2_a1random_a2rl other_vision, r=[1.0, -1.0, 0.0, 0.0], preferred landmark Red ===
critic                           D         S         R      rho        rho 95% CI  rho_tanh  dirCorr   in45
v3_A1_s0_REF               0.00980   0.64927   0.01509    1.000 [ 1.000, 1.000]     1.000   +0.967  0.995
film_norelabel_s0          0.00376   0.12223   0.03077    2.039 [ 1.855, 2.250]     4.382   +0.960  0.846
film_norelabel_s1(state-collapsed)   0.00008   0.00000 1120814974814.34106 74275994965502.062 [-45540314511932.016,   nan] 132667692431068.641   -0.730  0.000
film_norelabel_s2          0.00503   0.30116   0.01671    1.107 [ 1.017, 1.215]     4.453   +0.929  0.996
curriculum_s0              0.00265   0.17153   0.01547    1.025 [ 0.955, 1.101]     1.899   +0.885  0.919
curriculum_s1              0.00947   0.30585   0.03096    2.051 [ 1.943, 2.178]     3.579   +0.905  0.965
curriculum_s2              0.00179   0.21870   0.00818    0.542 [ 0.506, 0.584]     2.093   +0.856  0.998

=== pre-registered verdict (§19.4): best seed of min over conditions of rho ===
  curriculum_s0: rho_c1=0.644 rho_c2=0.145 -> score(min)=0.145
  curriculum_s1: rho_c1=1.139 rho_c2=0.884 -> score(min)=0.884
  curriculum_s2: rho_c1=0.714 rho_c2=1.072 -> score(min)=0.714
  best = curriculum_s1 score=0.884 -> row1 (>=1/2): not fatal downstream -> proceed to S2
